name: tf-2.0
channels:
  - conda-forge
  - defaults
dependencies:
  - asttokens=2.4.1=pyhd8ed1ab_0
  - bzip2=1.0.8=hcfcfb64_5
  - ca-certificates=2023.11.17=h56e8100_0
  - colorama=0.4.6=pyhd8ed1ab_0
  - comm=0.2.1=pyhd8ed1ab_0
  - cudatoolkit=11.2.2=h7d7167e_12
  - cudnn=8.1.0.77=h3e0f4f4_0
  - debugpy=1.8.0=py39h99910a6_1
  - decorator=5.1.1=pyhd8ed1ab_0
  - exceptiongroup=1.2.0=pyhd8ed1ab_2
  - executing=2.0.1=pyhd8ed1ab_0
  - importlib-metadata=7.0.1=pyha770c72_0
  - importlib_metadata=7.0.1=hd8ed1ab_0
  - ipykernel=6.29.0=pyha63f2e9_0
  - ipython=8.18.1=pyh7428d3b_3
  - jedi=0.19.1=pyhd8ed1ab_0
  - jupyter_client=8.6.0=pyhd8ed1ab_0
  - jupyter_core=5.7.1=py39hcbf5309_0
  - libffi=3.4.2=h8ffe710_5
  - libsodium=1.0.18=h8d14728_1
  - libsqlite=3.44.2=hcfcfb64_0
  - libzlib=1.2.13=hcfcfb64_5
  - matplotlib-inline=0.1.6=pyhd8ed1ab_0
  - nest-asyncio=1.6.0=pyhd8ed1ab_0
  - openssl=3.2.0=hcfcfb64_1
  - packaging=23.2=pyhd8ed1ab_0
  - parso=0.8.3=pyhd8ed1ab_0
  - pickleshare=0.7.5=py_1003
  - pip=23.3.2=pyhd8ed1ab_0
  - platformdirs=4.1.0=pyhd8ed1ab_0
  - prompt-toolkit=3.0.42=pyha770c72_0
  - psutil=5.9.8=py39ha55989b_0
  - pure_eval=0.2.2=pyhd8ed1ab_0
  - pygments=2.17.2=pyhd8ed1ab_0
  - python=3.9.18=h4de0772_1_cpython
  - python-dateutil=2.8.2=pyhd8ed1ab_0
  - python_abi=3.9=4_cp39
  - pywin32=306=py39h99910a6_2
  - pyzmq=25.1.2=py39h7eaf5a6_0
  - setuptools=69.0.3=pyhd8ed1ab_0
  - six=1.16.0=pyh6c4a22f_0
  - sqlite=3.44.2=hcfcfb64_0
  - stack_data=0.6.2=pyhd8ed1ab_0
  - tk=8.6.13=h5226925_1
  - tornado=6.3.3=py39ha55989b_1
  - traitlets=5.14.1=pyhd8ed1ab_0
  - typing_extensions=4.9.0=pyha770c72_0
  - tzdata=2023d=h0c530f3_0
  - ucrt=10.0.22621.0=h57928b3_0
  - vc=14.3=hcf57466_18
  - vc14_runtime=14.38.33130=h82b7239_18
  - vs2015_runtime=14.38.33130=hcb4865c_18
  - wcwidth=0.2.13=pyhd8ed1ab_0
  - wheel=0.42.0=pyhd8ed1ab_0
  - xz=5.2.6=h8d14728_0
  - zeromq=4.3.5=h63175ca_0
  - zipp=3.17.0=pyhd8ed1ab_0
  - pip:
      - absl-py==2.1.0
      - astunparse==1.6.3
      - cachetools==5.3.2
      - certifi==2023.11.17
      - charset-normalizer==3.3.2
      - flatbuffers==23.5.26
      - gast==0.4.0
      - google-auth==2.26.2
      - google-auth-oauthlib==0.4.6
      - google-pasta==0.2.0
      - grpcio==1.60.0
      - h5py==3.10.0
      - idna==3.6
      - keras==2.10.0
      - keras-preprocessing==1.1.2
      - libclang==16.0.6
      - markdown==3.5.2
      - markupsafe==2.1.4
      - numpy==1.26.3
      - oauthlib==3.2.2
      - opt-einsum==3.3.0
      - protobuf==3.19.6
      - pyasn1==0.5.1
      - pyasn1-modules==0.3.0
      - requests==2.31.0
      - requests-oauthlib==1.3.1
      - rsa==4.9
      - tensorboard==2.10.1
      - tensorboard-data-server==0.6.1
      - tensorboard-plugin-wit==1.8.1
      - tensorflow==2.10.1
      - tensorflow-estimator==2.10.0
      - tensorflow-io-gcs-filesystem==0.31.0
      - termcolor==2.4.0
      - urllib3==2.1.0
      - werkzeug==3.0.1
      - wrapt==1.16.0
prefix: C:\Users\plumps\miniconda3\envs\tf-2.0
